45 1
0 0 0 0 0 0 0 0 0 1753 0 0 0 0 0 0 0 -1923 0 0 0 0 0 0 0 0 0 0 0 4906 0 0 0 0 -254 0 0 0 0 0 0 0 -218 0 0 
0 0 0 0 0 0 0 0 0 0 0 0 0 0 0 0 0 0 0 0 0 0 0 0 0 0 0 0 0 0 0 0 0 0 0 0 0 0 -1830 0 0 -2448 0 0 0 
0 0 0 0 1968 0 -25 0 0 0 0 0 0 0 0 0 0 0 0 0 0 0 0 0 0 0 0 869 0 0 0 3605 0 0 0 0 0 0 -1685 0 0 0 0 0 4168 
0 0 0 0 0 0 0 0 0 0 3180 0 0 0 2281 0 0 -2584 0 0 0 0 0 0 0 0 0 0 0 3081 0 0 0 0 0 0 0 0 0 0 0 0 0 0 0 
0 0 1968 0 0 0 0 0 0 0 0 0 0 0 0 0 0 0 0 2899 0 0 0 0 0 0 2737 -137 0 0 0 0 0 0 0 0 0 0 0 0 0 0 0 0 0 
0 0 0 0 0 0 0 0 0 0 0 0 0 0 0 0 0 0 0 0 0 -4304 0 0 0 631 0 0 -4580 962 0 0 0 0 0 0 0 0 0 0 0 0 0 0 0 
0 0 -25 0 0 0 0 0 0 0 0 0 0 0 0 0 0 0 0 0 0 0 0 0 0 0 0 0 0 0 0 0 0 0 0 0 0 0 0 0 0 0 0 0 0 
0 0 0 0 0 0 0 0 0 0 0 0 0 0 0 0 0 0 0 0 0 0 0 -1994 0 0 0 1568 0 0 0 0 0 0 0 0 0 0 0 0 0 0 0 0 0 
0 0 0 0 0 0 0 0 0 0 0 2536 0 0 0 0 0 0 0 0 0 0 0 0 0 0 0 0 0 0 0 0 0 0 0 0 0 0 0 0 -4377 -4885 -1324 4563 0 
1753 0 0 0 0 0 0 0 0 0 0 0 0 0 0 0 0 0 0 0 0 0 0 0 0 0 0 0 0 0 0 0 0 -3241 0 0 0 0 0 0 0 0 0 0 0 
0 0 0 3180 0 0 0 0 0 0 0 0 0 0 0 0 2857 0 0 0 -4139 0 0 0 0 0 0 0 0 0 0 763 0 0 -2348 0 0 0 0 0 0 0 0 0 0 
0 0 0 0 0 0 0 0 2536 0 0 0 0 0 1098 0 0 3967 0 -2127 -3327 0 0 0 -3433 0 0 0 0 0 0 0 0 0 0 0 0 0 3218 0 0 0 0 0 0 
0 0 0 0 0 0 0 0 0 0 0 0 0 0 0 0 0 2037 0 0 0 0 0 0 0 0 0 0 0 0 0 0 4668 224 0 0 0 0 3871 0 0 0 0 0 0 
0 0 0 0 0 0 0 0 0 0 0 0 0 0 0 0 0 0 0 0 0 0 0 0 0 0 0 0 -933 0 0 0 0 0 0 0 0 0 -891 0 0 0 0 0 0 
0 0 0 2281 0 0 0 0 0 0 0 1098 0 0 0 0 0 0 0 0 0 0 -3108 0 0 0 0 0 0 0 0 500 0 0 0 0 0 0 0 0 0 -1644 0 0 0 
0 0 0 0 0 0 0 0 0 0 0 0 0 0 0 0 -627 0 0 0 -3777 0 0 0 0 0 0 0 0 0 0 0 0 0 0 0 2189 0 0 0 0 0 0 0 0 
0 0 0 0 0 0 0 0 0 0 2857 0 0 0 0 -627 0 0 0 0 0 0 0 0 0 0 0 0 0 0 85 0 0 0 0 0 0 -2278 0 0 0 3427 0 0 0 
-1923 0 0 -2584 0 0 0 0 0 0 0 3967 2037 0 0 0 0 0 0 0 0 -428 0 0 -553 0 0 0 0 0 0 -1399 0 0 0 0 0 0 0 0 0 0 0 0 0 
0 0 0 0 0 0 0 0 0 0 0 0 0 0 0 0 0 0 0 0 0 0 0 0 0 583 0 0 0 0 0 0 0 0 0 0 0 0 0 0 0 0 0 0 0 
0 0 0 0 2899 0 0 0 0 0 0 -2127 0 0 0 0 0 0 0 0 0 0 0 0 0 0 0 0 0 0 0 0 0 0 -2760 0 0 0 0 326 0 4811 -693 0 0 
0 0 0 0 0 0 0 0 0 0 -4139 -3327 0 0 0 -3777 0 0 0 0 0 0 0 0 0 0 0 0 0 0 0 0 0 0 0 0 0 0 0 3806 0 0 -2841 -3008 0 
0 0 0 0 0 -4304 0 0 0 0 0 0 0 0 0 0 0 -428 0 0 0 0 0 0 -1129 0 0 0 0 0 -1512 0 0 0 0 0 0 0 0 -4961 0 0 0 0 0 
0 0 0 0 0 0 0 0 0 0 0 0 0 0 -3108 0 0 0 0 0 0 0 0 0 0 0 0 0 0 0 0 0 0 2585 -3554 0 0 0 0 0 0 0 0 0 0 
0 0 0 0 0 0 0 -1994 0 0 0 0 0 0 0 0 0 0 0 0 0 0 0 0 0 0 0 0 0 0 0 0 0 0 0 0 0 0 0 0 0 0 1610 0 0 
0 0 0 0 0 0 0 0 0 0 0 -3433 0 0 0 0 0 -553 0 0 0 -1129 0 0 0 0 0 0 0 0 0 0 0 0 4482 -3999 0 0 0 0 0 0 0 0 0 
0 0 0 0 0 631 0 0 0 0 0 0 0 0 0 0 0 0 583 0 0 0 0 0 0 0 0 3423 0 0 0 0 0 0 0 0 0 0 0 0 0 0 0 0 -4686 
0 0 0 0 2737 0 0 0 0 0 0 0 0 0 0 0 0 0 0 0 0 0 0 0 0 0 0 0 0 0 0 0 0 0 0 0 0 2440 0 0 0 0 0 0 0 
0 0 869 0 -137 0 0 1568 0 0 0 0 0 0 0 0 0 0 0 0 0 0 0 0 0 3423 0 0 0 0 0 0 0 0 0 0 0 0 0 0 0 0 1179 0 0 
0 0 0 0 0 -4580 0 0 0 0 0 0 0 -933 0 0 0 0 0 0 0 0 0 0 0 0 0 0 0 0 0 0 0 0 0 -3663 4199 0 0 0 0 0 0 0 0 
4906 0 0 3081 0 962 0 0 0 0 0 0 0 0 0 0 0 0 0 0 0 0 0 0 0 0 0 0 0 0 0 0 0 0 0 0 0 0 0 -4093 0 0 0 0 0 
0 0 0 0 0 0 0 0 0 0 0 0 0 0 0 0 85 0 0 0 0 -1512 0 0 0 0 0 0 0 0 0 0 0 0 0 0 0 0 0 0 0 0 -4558 0 0 
0 0 3605 0 0 0 0 0 0 0 763 0 0 0 500 0 0 -1399 0 0 0 0 0 0 0 0 0 0 0 0 0 0 0 0 0 0 0 0 0 0 0 0 0 0 0 
0 0 0 0 0 0 0 0 0 0 0 0 4668 0 0 0 0 0 0 0 0 0 0 0 0 0 0 0 0 0 0 0 0 0 -3916 0 -1027 0 0 0 0 0 0 0 0 
0 0 0 0 0 0 0 0 0 -3241 0 0 224 0 0 0 0 0 0 0 0 0 2585 0 0 0 0 0 0 0 0 0 0 0 3661 0 0 0 0 0 0 0 0 0 0 
-254 0 0 0 0 0 0 0 0 0 -2348 0 0 0 0 0 0 0 0 -2760 0 0 -3554 0 4482 0 0 0 0 0 0 0 -3916 3661 0 0 0 0 4356 0 0 0 0 0 0 
0 0 0 0 0 0 0 0 0 0 0 0 0 0 0 0 0 0 0 0 0 0 0 0 -3999 0 0 0 -3663 0 0 0 0 0 0 0 0 0 1290 0 0 0 0 0 0 
0 0 0 0 0 0 0 0 0 0 0 0 0 0 0 2189 0 0 0 0 0 0 0 0 0 0 0 0 4199 0 0 0 -1027 0 0 0 0 0 0 -2717 0 0 0 0 0 
0 0 0 0 0 0 0 0 0 0 0 0 0 0 0 0 -2278 0 0 0 0 0 0 0 0 0 2440 0 0 0 0 0 0 0 0 0 0 0 0 0 0 0 0 0 1436 
0 -1830 -1685 0 0 0 0 0 0 0 0 3218 3871 -891 0 0 0 0 0 0 0 0 0 0 0 0 0 0 0 0 0 0 0 0 4356 1290 0 0 0 0 0 0 0 0 1851 
0 0 0 0 0 0 0 0 0 0 0 0 0 0 0 0 0 0 0 326 3806 -4961 0 0 0 0 0 0 0 -4093 0 0 0 0 0 0 -2717 0 0 0 0 0 0 0 0 
0 0 0 0 0 0 0 0 -4377 0 0 0 0 0 0 0 0 0 0 0 0 0 0 0 0 0 0 0 0 0 0 0 0 0 0 0 0 0 0 0 0 0 0 0 0 
0 -2448 0 0 0 0 0 0 -4885 0 0 0 0 0 -1644 0 3427 0 0 4811 0 0 0 0 0 0 0 0 0 0 0 0 0 0 0 0 0 0 0 0 0 0 0 0 0 
-218 0 0 0 0 0 0 0 -1324 0 0 0 0 0 0 0 0 0 0 -693 -2841 0 0 1610 0 0 0 1179 0 0 -4558 0 0 0 0 0 0 0 0 0 0 0 0 0 0 
0 0 0 0 0 0 0 0 4563 0 0 0 0 0 0 0 0 0 0 0 -3008 0 0 0 0 0 0 0 0 0 0 0 0 0 0 0 0 0 0 0 0 0 0 0 0 
0 0 4168 0 0 0 0 0 0 0 0 0 0 0 0 0 0 0 0 0 0 0 0 0 0 -4686 0 0 0 0 0 0 0 0 0 0 0 1436 1851 0 0 0 0 0 0